// constant features auto-generated for ai-verification. Class: [sine]

{
-122.69795957308142,
-114.77144661148958,
-112.04412651734137,
-102.95715103117105,
-98.65054965061312,
-92.78322499225425,
-87.00766069464768,
-81.54467771003715,
-76.64660269923161,
-73.16075811197965,
-71.0242596241787,
-69.70484840473158,
-68.61447173690024,
-67.57849974021654,
-66.55627669627982,
-65.48584370845339,
-64.48094668758833,
-63.45593568726514,
-62.27274642911847,
-61.157295924009375,
-59.95166062383002,
-58.53178229510216,
-56.78220246868968,
-54.657001310341606,
-51.20543353700811,
-36.84280753408413,
-13.091540291885641,
-33.56358987522319,
},
{
-105.56627712006504,
-100.51631531045196,
-94.98776624186345,
-89.47149341899095,
-83.45824225133192,
-79.59690823828525,
-76.45477832783872,
-74.70846751193092,
-74.85833609148831,
-76.87383077115393,
-80.95846793699401,
-85.42852633386944,
-86.58775824486864,
-94.14292440240537,
-97.74902616930619,
-107.89023474501745,
-118.09024384698155,
-133.63820584247426,
-128.55070832696592,
-104.41648438305663,
-126.22306156435064,
-147.48676565538452,
-136.65445736619938,
-121.95071305671853,
-65.62508324409099,
-37.73625023235318,
-13.020763059516181,
-33.91657711291781,
},
{
-99.05885316010357,
-92.89541620840977,
-87.22121414988715,
-82.5444994736405,
-79.80677361782708,
-78.62359883869914,
-80.31801034362101,
-87.11367408547483,
-88.78539170438437,
-90.77697587327035,
-97.45404863896465,
-102.86947042662732,
-110.70964887772925,
-120.91648845843686,
-137.15674721702288,
-153.55178809737598,
-174.7872518866747,
-165.46399342976142,
-128.54802426340126,
-104.41598292157576,
-126.22293712229558,
-147.4867653858518,
-136.65445735886928,
-121.9507130567199,
-65.62508324409099,
-37.73625023235318,
-13.020763059516181,
-33.91657711291781,
},
{
-92.90915026521242,
-87.23153201800355,
-84.04601326938676,
-82.20846464339346,
-82.50649108795989,
-87.15916381643717,
-92.79701609626,
-91.56613758736582,
-99.45242692570736,
-102.77328794565578,
-109.51625669409582,
-119.11944665138645,
-134.14643700452856,
-149.25466209994343,
-171.51180980869185,
-192.83454228836135,
-182.98015522203215,
-165.45891275761858,
-128.54802274318948,
-104.41598292031176,
-126.22293712228233,
-147.48676538585178,
-136.65445735886925,
-121.9507130567199,
-65.62508324409099,
-37.73625023235318,
-13.020763059516181,
-33.91657711291781,
},
{
-88.94978755214447,
-86.86002687143113,
-83.83127490809487,
-84.34521652946829,
-91.79982569704117,
-93.93242955158891,
-94.7238094764069,
-101.11405486210572,
-108.24291868521703,
-114.43657823247973,
-124.8876262230624,
-137.95511085842003,
-156.4749765611583,
-178.3709122016667,
-199.48239837342038,
-194.80277144101495,
-182.98088832776895,
-165.4589117381437,
-128.5480227431451,
-104.41598292031176,
-126.22293712228233,
-147.48676538585178,
-136.65445735886928,
-121.9507130567199,
-65.62508324409099,
-37.73625023235318,
-13.020763059516181,
-33.91657711291781,
},
{
-88.39201140796999,
-85.16394984558495,
-86.10351169925576,
-92.87397817799003,
-96.98597403489912,
-95.97785396788782,
-102.97588545037236,
-108.9756602182269,
-115.84004848322382,
-125.87785230121315,
-138.53980991499125,
-155.5930980179784,
-178.1833275245835,
-199.1032487906011,
-199.99983793126728,
-194.80196239848522,
-182.98088741263632,
-165.45891173803312,
-128.5480227431451,
-104.41598292031176,
-126.22293712228233,
-147.48676538585178,
-136.65445735886928,
-121.9507130567199,
-65.62508324409099,
-37.73625023235318,
-13.020763059516181,
-33.91657711291781,
},
{
-88.37366339611432,
-87.53857076210346,
-91.25219859148629,
-101.67086767347818,
-95.48086992703372,
-106.0048548914227,
-107.1356588148393,
-113.43635038013402,
-123.86730899686867,
-137.0429148947502,
-151.1992390549826,
-172.2135333673661,
-196.96161037350348,
-199.9981883718209,
-199.99996389591914,
-194.80195704569826,
-182.98088741342153,
-165.45891173803312,
-128.5480227431451,
-104.41598292031176,
-126.22293712228233,
-147.48676538585178,
-136.65445735886925,
-121.9507130567199,
-65.62508324409099,
-37.73625023235318,
-13.020763059516181,
-33.91657711291781,
},
{
-87.74008103894502,
-90.03308877441164,
-101.17449588814273,
-96.70361723463495,
-103.78854614951926,
-104.92409200159877,
-113.20757055185247,
-121.98334542814837,
-132.66023926591927,
-147.98140383512924,
-165.81914646636648,
-189.36272946419734,
-199.9717927622258,
-199.9999968992667,
-199.99996401982912,
-194.80195701631084,
-182.98088741342127,
-165.45891173803312,
-128.5480227431451,
-104.41598292031176,
-126.22293712228233,
-147.48676538585178,
-136.65445735886928,
-121.9507130567199,
-65.62508324409099,
-37.73625023235318,
-13.020763059516181,
-33.91657711291781,
},
{
-89.20537372273954,
-95.21924432708497,
-101.15394818230286,
-98.7952548559401,
-106.78489441434712,
-114.01000760321274,
-119.04539643904451,
-128.86547108199923,
-141.9455731507139,
-158.78326726915785,
-179.4229981767856,
-199.19573025146406,
-199.99982415651556,
-199.99999947192424,
-199.99996401896115,
-194.80195701615622,
-182.98088741342127,
-165.45891173803312,
-128.5480227431451,
-104.41598292031176,
-126.22293712228233,
-147.48676538585178,
-136.65445735886928,
-121.9507130567199,
-65.62508324409099,
-37.73625023235318,
-13.020763059516181,
-33.91657711291781,
},
{
-93.03946854824547,
-105.20760719970212,
-98.59143628860622,
-108.03143681122391,
-107.02459847888171,
-114.87291134093905,
-123.80669603306808,
-134.62715427818313,
-151.15496535637521,
-169.52690925801767,
-191.79405777522743,
-199.9818039478889,
-199.9999989049956,
-199.99999947606557,
-199.99996401893867,
-194.80195701615543,
-182.98088741342127,
-165.45891173803312,
-128.5480227431451,
-104.41598292031176,
-126.22293712228233,
-147.48676538585178,
-136.65445735886925,
-121.9507130567199,
-65.62508324409099,
-37.73625023235318,
-13.020763059516181,
-33.91657711291781,
},
{
-97.03128746308784,
-104.70245841644098,
-100.5211114012946,
-110.27574632486194,
-115.262288469133,
-120.54058267815057,
-130.5144580453935,
-142.23943164282196,
-159.87253112719128,
-180.2300673961855,
-199.05902596317136,
-199.99965954462579,
-199.99999996949333,
-199.99999947590914,
-199.99996401893836,
-194.80195701615543,
-182.98088741342127,
-165.45891173803312,
-128.5480227431451,
-104.41598292031176,
-126.22293712228233,
-147.48676538585178,
-136.65445735886928,
-121.9507130567199,
-65.62508324409099,
-37.73625023235318,
-13.020763059516181,
-33.91657711291781,
},
{
-102.33486406389913,
-101.26799410500627,
-106.25498177448688,
-107.64370891197045,
-117.48246285857618,
-125.33546846051571,
-134.64838586866284,
-149.12207343586223,
-168.3006197689994,
-190.5253516924455,
-199.95647839753354,
-199.99999381975846,
-199.99999997547116,
-199.9999994759078,
-199.99996401893836,
-194.80195701615543,
-182.98088741342127,
-165.45891173803312,
-128.5480227431451,
-104.41598292031176,
-126.22293712228233,
-147.48676538585178,
-136.65445735886928,
-121.9507130567199,
-65.62508324409099,
-37.73625023235318,
-13.020763059516181,
-33.91657711291781,
},
{
-110.32056566632261,
-100.56400855931889,
-113.6003261810803,
-111.3122857530644,
-117.54492189672263,
-128.27729883407102,
-141.50135097028493,
-155.31061660554505,
-176.81678215667108,
-197.81540192223449,
-199.99812123214372,
-199.99999988466814,
-199.99999997546792,
-199.99999947590806,
-199.99996401893836,
-194.80195701615543,
-182.98088741342127,
-165.45891173803312,
-128.5480227431451,
-104.41598292031176,
-126.22293712228233,
-147.48676538585178,
-136.65445735886925,
-121.9507130567199,
-65.62508324409099,
-37.73625023235318,
-13.020763059516181,
-33.91657711291781,
},
{
-106.15719627469217,
-103.20532301015787,
-110.36122186001052,
-120.28818322814939,
-124.51795503021862,
-134.9127918578158,
-145.64286903156696,
-162.29996334333165,
-185.39932091649797,
-199.77154723436482,
-199.99991670209485,
-199.9999999963295,
-199.9999999754651,
-199.99999947590806,
-199.99996401893836,
-194.80195701615543,
-182.98088741342127,
-165.45891173803312,
-128.5480227431451,
-104.41598292031176,
-126.22293712228233,
-147.48676538585178,
-136.65445735886928,
-121.9507130567199,
-65.62508324409099,
-37.73625023235318,
-13.020763059516181,
-33.91657711291781,
},
{
-103.13114413296952,
-108.10106914090665,
-109.95932418247625,
-119.4948895471785,
-127.12568952287026,
-137.0101015484231,
-152.1744623801319,
-169.57427559710194,
-193.23646108832364,
-199.98075337200518,
-199.9999961485143,
-199.99999999833747,
-199.9999999754649,
-199.99999947590806,
-199.99996401893836,
-194.80195701615543,
-182.98088741342127,
-165.45891173803312,
-128.5480227431451,
-104.41598292031176,
-126.22293712228233,
-147.48676538585178,
-136.65445735886928,
-121.9507130567199,
-65.62508324409099,
-37.73625023235318,
-13.020763059516181,
-33.91657711291781,
},
{
-101.9620293058947,
-116.81242498693135,
-113.03378904869737,
-118.75900176869112,
-128.61927339662762,
-143.1963895471117,
-156.71201571700544,
-175.5917989721203,
-198.18153222064896,
-199.99841828080497,
-199.9999998314976,
-199.9999999983717,
-199.99999997546485,
-199.99999947590806,
-199.99996401893836,
-194.80195701615543,
-182.98088741342127,
-165.45891173803312,
-128.5480227431451,
-104.41598292031176,
-126.22293712228233,
-147.48676538585178,
-136.65445735886925,
-121.9507130567199,
-65.62508324409099,
-37.73625023235318,
-13.020763059516181,
-33.91657711291781,
},
{
-103.66291132658458,
-114.67510829986671,
-119.21292217148519,
-123.50331250979349,
-135.48355084634892,
-146.21186900878308,
-162.72549036396373,
-182.45088654776657,
-199.69571526829188,
-199.9998703675654,
-199.99999999305314,
-199.99999999837246,
-199.99999997546485,
-199.99999947590806,
-199.99996401893836,
-194.80195701615543,
-182.98088741342127,
-165.45891173803312,
-128.5480227431451,
-104.41598292031176,
-126.22293712228233,
-147.48676538585178,
-136.65445735886928,
-121.9507130567199,
-65.62508324409099,
-37.73625023235318,
-13.020763059516181,
-33.91657711291781,
},
{
-107.6015128860481,
-111.45330726999171,
-122.1409652800694,
-130.23890619637336,
-137.70539693062713,
-151.21599431119853,
-167.7863459007495,
-189.50636965126324,
-199.95771586367965,
-199.99998937118016,
-199.99999999953496,
-199.9999999983726,
-199.99999997546485,
-199.99999947590806,
-199.99996401893836,
-194.80195701615543,
-182.98088741342127,
-165.45891173803312,
-128.5480227431451,
-104.41598292031176,
-126.22293712228233,
-147.48676538585178,
-136.65445735886928,
-121.9507130567199,
-65.62508324409099,
-37.73625023235318,
-13.020763059516181,
-33.91657711291781,
},
{
-112.07283900522738,
-112.19562054852184,
-120.3970234705296,
-129.48740451440574,
-138.97806371868165,
-155.39131088985155,
-173.26951131830353,
-194.37565240421705,
-199.9944517812906,
-199.99999912764085,
-199.99999999982376,
-199.99999999837263,
-199.99999997546485,
-199.99999947590806,
-199.99996401893836,
-194.80195701615543,
-182.98088741342127,
-165.45891173803312,
-128.5480227431451,
-104.41598292031176,
-126.22293712228233,
-147.48676538585178,
-136.65445735886925,
-121.9507130567199,
-65.62508324409099,
-37.73625023235318,
-13.020763059516181,
-33.91657711291781,
},
{
-117.89439985395524,
-114.17338738549302,
-121.44343740962208,
-130.12160935362184,
-144.59501559729244,
-159.48196608946847,
-178.78879159454527,
-198.22629047667252,
-199.99926044070034,
-199.99999992817894,
-199.99999999983896,
-199.99999999837263,
-199.99999997546485,
-199.99999947590806,
-199.99996401893836,
-194.80195701615543,
-182.98088741342127,
-165.45891173803312,
-128.5480227431451,
-104.41598292031176,
-126.22293712228233,
-147.48676538585178,
-136.65445735886928,
-121.9507130567199,
-65.62508324409099,
-37.73625023235318,
-13.020763059516181,
-33.91657711291781,
},
{
-117.75102505250882,
-119.43213364827551,
-125.29964837411534,
-135.3605309323355,
-147.3808235787575,
-164.351724225969,
-183.78125176774958,
-199.58217066456783,
-199.99989583313646,
-199.99999999408595,
-199.99999999983885,
-199.99999999837263,
-199.99999997546485,
-199.99999947590806,
-199.99996401893836,
-194.80195701615543,
-182.98088741342127,
-165.45891173803312,
-128.5480227431451,
-104.41598292031176,
-126.22293712228233,
-147.48676538585178,
-136.65445735886928,
-121.9507130567199,
-65.62508324409099,
-37.73625023235318,
-13.020763059516181,
-33.91657711291781,
},
{
-115.12931173875651,
-124.29402110169177,
-130.52685832465085,
-139.73454776192003,
-149.81095417949075,
-167.9405799659759,
-189.38638263491922,
-199.89306438444547,
-199.9999850058434,
-199.99999999948713,
-199.99999999983902,
-199.99999999837263,
-199.99999997546485,
-199.99999947590806,
-199.99996401893836,
-194.80195701615543,
-182.98088741342127,
-165.45891173803312,
-128.5480227431451,
-104.41598292031176,
-126.22293712228233,
-147.48676538585178,
-136.65445735886925,
-121.9507130567199,
-65.62508324409099,
-37.73625023235318,
-13.020763059516181,
-33.91657711291781,
},
{
-113.50481470423178,
-124.24037946278175,
-131.23679326243266,
-139.93999818510724,
-155.46361298198175,
-173.12299642584173,
-193.47037599609536,
-199.98034938322792,
-199.99999792364804,
-199.99999999994074,
-199.999999999839,
-199.99999999837263,
-199.99999997546485,
-199.99999947590806,
-199.99996401893836,
-194.80195701615543,
-182.98088741342127,
-165.45891173803312,
-128.5480227431451,
-104.41598292031176,
-126.22293712228233,
-147.48676538585178,
-136.65445735886928,
-121.9507130567199,
-65.62508324409099,
-37.73625023235318,
-13.020763059516181,
-33.91657711291781,
},
{
-113.52498915934746,
-122.58155908928623,
-131.0032045480072,
-141.58850686419788,
-157.91158925959994,
-176.52892663153176,
-197.3066866747007,
-199.9955225176174,
-199.9999997282046,
-199.99999999997578,
-199.999999999839,
-199.99999999837263,
-199.99999997546485,
-199.99999947590806,
-199.99996401893836,
-194.80195701615543,
-182.98088741342127,
-165.45891173803312,
-128.5480227431451,
-104.41598292031176,
-126.22293712228233,
-147.48676538585178,
-136.65445735886928,
-121.9507130567199,
-65.62508324409099,
-37.73625023235318,
-13.020763059516181,
-33.91657711291781,
},
{
-116.08737097508765,
-122.50711445622582,
-133.10348890211824,
-146.6669021323685,
-159.98593057624979,
-181.611624741322,
-198.87724646428387,
-199.99902717918812,
-199.999999964772,
-199.9999999999794,
-199.999999999839,
-199.99999999837263,
-199.99999997546485,
-199.99999947590806,
-199.99996401893836,
-194.80195701615543,
-182.98088741342127,
-165.45891173803312,
-128.5480227431451,
-104.41598292031176,
-126.22293712228233,
-147.48676538585178,
-136.65445735886925,
-121.9507130567199,
-65.62508324409099,
-37.73625023235318,
-13.020763059516181,
-33.91657711291781,
},
{
-120.51193861752432,
-125.5716229145702,
-137.2870796628531,
-149.48037737163784,
-164.6622344909525,
-185.23405004268807,
-199.70073544782372,
-199.99981344794608,
-199.99999999519162,
-199.99999999997948,
-199.999999999839,
-199.99999999837263,
-199.99999997546485,
-199.99999947590806,
-199.99996401893836,
-194.80195701615543,
-182.98088741342127,
-165.45891173803312,
-128.5480227431451,
-104.41598292031176,
-126.22293712228233,
-147.48676538585178,
-136.65445735886928,
-121.9507130567199,
-65.62508324409099,
-37.73625023235318,
-13.020763059516181,
-33.91657711291781,
},
{
-125.27554865243286,
-128.96351311140282,
-140.79835752579874,
-150.68723525464466,
-167.67073481093394,
-189.52896215732167,
-199.89442153823552,
-199.99995560403633,
-199.99999999930608,
-199.99999999997954,
-199.999999999839,
-199.99999999837263,
-199.99999997546485,
-199.99999947590806,
-199.99996401893836,
-194.80195701615543,
-182.98088741342127,
-165.45891173803312,
-128.5480227431451,
-104.41598292031176,
-126.22293712228233,
-147.48676538585178,
-136.65445735886928,
-121.9507130567199,
-65.62508324409099,
-37.73625023235318,
-13.020763059516181,
-33.91657711291781,
},
{
-127.71784503349136,
-135.09705761150644,
-141.03439740149332,
-153.04947459986104,
-170.6880320800638,
-193.36983285830755,
-199.97405550176273,
-199.99999140511775,
-199.99999999989797,
-199.99999999997954,
-199.999999999839,
-199.99999999837263,
-199.99999997546485,
-199.99999947590806,
-199.99996401893836,
-194.80195701615543,
-182.98088741342127,
-165.45891173803312,
-128.5480227431451,
-104.41598292031176,
-126.22293712228233,
-147.48676538585178,
-136.65445735886925,
-121.9507130567199,
-65.62508324409099,
-37.73625023235318,
-13.020763059516181,
-33.91657711291781,
},
{
-126.11434006443132,
-133.63023088587764,
-141.92730506746545,
-157.4718878814516,
-175.4862142729544,
-195.97375981770256,
-199.99116172847806,
-199.99999813383073,
-199.9999999999843,
-199.99999999997954,
-199.999999999839,
-199.99999999837263,
-199.99999997546485,
-199.99999947590806,
-199.99996401893836,
-194.80195701615543,
-182.98088741342127,
-165.45891173803312,
-128.5480227431451,
-104.41598292031176,
-126.22293712228233,
-147.48676538585178,
-136.65445735886928,
-121.9507130567199,
-65.62508324409099,
-37.73625023235318,
-13.020763059516181,
-33.91657711291781,
},
{
-124.91759693241272,
-132.6621443978239,
-144.77289933031034,
-159.5711169864076,
-178.1366669391162,
-198.36025254094955,
-199.99780019472297,
-199.99999958616826,
-199.99999999999528,
-199.99999999997954,
-199.999999999839,
-199.99999999837263,
-199.99999997546485,
-199.99999947590806,
-199.99996401893836,
-194.80195701615543,
-182.98088741342127,
-165.45891173803312,
-128.5480227431451,
-104.41598292031176,
-126.22293712228233,
-147.48676538585178,
-136.65445735886928,
-121.9507130567199,
-65.62508324409099,
-37.73625023235318,
-13.020763059516181,
-33.91657711291781,
},
{
-124.25078050942804,
-133.90731859932305,
-148.7226707503908,
-161.61689832480928,
-180.66338936403417,
-199.15834668131095,
-199.99927079465232,
-199.99999992106802,
-199.9999999999969,
-199.99999999997954,
-199.999999999839,
-199.99999999837263,
-199.99999997546485,
-199.99999947590806,
-199.99996401893836,
-194.80195701615543,
-182.98088741342127,
-165.45891173803312,
-128.5480227431451,
-104.41598292031176,
-126.22293712228233,
-147.48676538585178,
-136.65445735886925,
-121.9507130567199,
-65.62508324409099,
-37.73625023235318,
-13.020763059516181,
-33.91657711291781,
},
{
-125.16994398527224,
-135.52641873171723,
-150.76209344142063,
-164.40780272964452,
-184.68816117305443,
-199.72437905557823,
-199.99981343355262,
-199.99999998131375,
-199.9999999999971,
-199.99999999997954,
-199.999999999839,
-199.99999999837263,
-199.99999997546485,
-199.99999947590806,
-199.99996401893836,
-194.80195701615543,
-182.98088741342127,
-165.45891173803312,
-128.5480227431451,
-104.41598292031176,
-126.22293712228233,
-147.48676538585178,
-136.65445735886928,
-121.9507130567199,
-65.62508324409099,
-37.73625023235318,
-13.020763059516181,
-33.91657711291781,
},
{
-128.2784588465486,
-140.6140279628021,
-151.29579139503727,
-167.99212583793332,
-187.75509515616574,
-199.88393347926672,
-199.99993999298997,
-199.99999999630876,
-199.99999999999713,
-199.99999999997954,
-199.999999999839,
-199.99999999837263,
-199.99999997546485,
-199.99999947590806,
-199.99996401893836,
-194.80195701615543,
-182.98088741342127,
-165.45891173803312,
-128.5480227431451,
-104.41598292031176,
-126.22293712228233,
-147.48676538585178,
-136.65445735886928,
-121.9507130567199,
-65.62508324409099,
-37.73625023235318,
-13.020763059516181,
-33.91657711291781,
},
{
-132.71260728368216,
-142.45691810210832,
-153.04064498789552,
-169.9414700362013,
-190.8197425205316,
-199.9562246820184,
-199.99998417841678,
-199.99999999922682,
-199.99999999999713,
-199.99999999997954,
-199.999999999839,
-199.99999999837263,
-199.99999997546485,
-199.99999947590806,
-199.99996401893836,
-194.80195701615543,
-182.98088741342127,
-165.45891173803312,
-128.5480227431451,
-104.41598292031176,
-126.22293712228233,
-147.48676538585178,
-136.65445735886925,
-121.9507130567199,
-65.62508324409099,
-37.73625023235318,
-13.020763059516181,
-33.91657711291781,
},
{
-136.20889847187522,
-143.9208322926748,
-156.32165737419322,
-172.63363236531507,
-194.28324958616992,
-199.98565882211042,
-199.99999506244012,
-199.99999999982177,
-199.99999999999713,
-199.99999999997954,
-199.999999999839,
-199.99999999837263,
-199.99999997546485,
-199.99999947590806,
-199.99996401893836,
-194.80195701615543,
-182.98088741342127,
-165.45891173803312,
-128.5480227431451,
-104.41598292031176,
-126.22293712228233,
-147.48676538585178,
-136.65445735886928,
-121.9507130567199,
-65.62508324409099,
-37.73625023235318,
-13.020763059516181,
-33.91657711291781,
},
{
-136.4154449812737,
-143.47506451574975,
-159.5946229412547,
-175.58826181231208,
-196.14908343157853,
-199.99350184126226,
-199.99999866001792,
-199.99999999996635,
-199.99999999999713,
-199.99999999997954,
-199.999999999839,
-199.99999999837263,
-199.99999997546485,
-199.99999947590806,
-199.99996401893836,
-194.80195701615543,
-182.98088741342127,
-165.45891173803312,
-128.5480227431451,
-104.41598292031176,
-126.22293712228233,
-147.48676538585178,
-136.65445735886928,
-121.9507130567199,
-65.62508324409099,
-37.73625023235318,
-13.020763059516181,
-33.91657711291781,
},
{
-135.6598396799099,
-143.872500640012,
-160.83140692775652,
-178.4081714966423,
-197.5793792507564,
-199.99807405978106,
-199.9999995933567,
-199.9999999999918,
-199.99999999999713,
-199.99999999997954,
-199.999999999839,
-199.99999999837263,
-199.99999997546485,
-199.99999947590806,
-199.99996401893836,
-194.80195701615543,
-182.98088741342127,
-165.45891173803312,
-128.5480227431451,
-104.41598292031176,
-126.22293712228233,
-147.48676538585178,
-136.65445735886925,
-121.9507130567199,
-65.62508324409099,
-37.73625023235318,
-13.020763059516181,
-33.91657711291781,
},
{
-135.29516379226766,
-147.17461161104248,
-161.86788704126212,
-180.47508488430122,
-198.819176677264,
-199.99914157825305,
-199.99999988670817,
-199.999999999998,
-199.99999999999713,
-199.99999999997954,
-199.999999999839,
-199.99999999837263,
-199.99999997546485,
-199.99999947590806,
-199.99996401893836,
-194.80195701615543,
-182.98088741342127,
-165.45891173803312,
-128.5480227431451,
-104.41598292031176,
-126.22293712228233,
-147.48676538585178,
-136.65445735886928,
-121.9507130567199,
-65.62508324409099,
-37.73625023235318,
-13.020763059516181,
-33.91657711291781,
},
{
-135.3742425552254,
-149.17037089202995,
-164.2450565580161,
-183.58551883615306,
-199.4148535021177,
-199.99970743722398,
-199.9999999664669,
-199.99999999999932,
-199.99999999999713,
-199.99999999997954,
-199.999999999839,
-199.99999999837263,
-199.99999997546485,
-199.99999947590806,
-199.99996401893836,
-194.80195701615543,
-182.98088741342127,
-165.45891173803312,
-128.5480227431451,
-104.41598292031176,
-126.22293712228233,
-147.48676538585178,
-136.65445735886928,
-121.9507130567199,
-65.62508324409099,
-37.73625023235318,
-13.020763059516181,
-33.91657711291781,
},
{
-136.94822270942646,
-153.87945071229794,
-167.64050692954987,
-186.42753310218976,
-199.73090292805688,
-199.9998950968676,
-199.99999999043948,
-199.99999999999957,
-199.99999999999713,
-199.99999999997954,
-199.999999999839,
-199.99999999837263,
-199.99999997546485,
-199.99999947590806,
-199.99996401893836,
-194.80195701615543,
-182.98088741342127,
-165.45891173803312,
-128.5480227431451,
-104.41598292031176,
-126.22293712228233,
-147.48676538585178,
-136.65445735886925,
-121.9507130567199,
-65.62508324409099,
-37.73625023235318,
-13.020763059516181,
-33.91657711291781,
},
